{
 "cells": [
  {
   "cell_type": "markdown",
   "metadata": {},
   "source": [
    "Code is based on https://github.com/jhuggins/viabel"
   ]
  },
  {
   "cell_type": "code",
   "execution_count": 1,
   "metadata": {},
   "outputs": [
    {
     "name": "stderr",
     "output_type": "stream",
     "text": [
      "C:\\ProgramData\\Anaconda3\\lib\\site-packages\\statsmodels\\tools\\_testing.py:19: FutureWarning: pandas.util.testing is deprecated. Use the functions in the public API at pandas.testing instead.\n",
      "  import pandas.util.testing as tm\n"
     ]
    }
   ],
   "source": [
    "import pickle\n",
    "import pystan\n",
    "import autograd.numpy as np\n",
    "\n",
    "from viabel.objectives import (black_box_klvi,\n",
    "                               black_box_chivi)\n",
    "\n",
    "from viabel.family import (mean_field_gaussian_variational_family,\n",
    "                           mean_field_t_variational_family,\n",
    "                           t_variational_family)\n",
    "\n",
    "from viabel.models import make_stan_log_density\n",
    "from viabel.optimization import adagrad_optimize\n",
    "from experiments import (plot_dist_to_opt_param,\n",
    "                         check_approx_accuracy,\n",
    "                         psis_correction)\n",
    "\n",
    "import pandas as pd\n",
    "\n",
    "import time\n",
    "from scipy.stats import norm\n",
    "from scipy.stats import gamma\n",
    "import matplotlib.pyplot as plt"
   ]
  },
  {
   "cell_type": "markdown",
   "metadata": {},
   "source": [
    "Define the model"
   ]
  },
  {
   "cell_type": "code",
   "execution_count": 2,
   "metadata": {},
   "outputs": [],
   "source": [
    "test_model = \"\"\"data {\n",
    "  int<lower=0> N;   // number of observations\n",
    "  int <lower=0> D;  // number of predictors\n",
    "  matrix[N, D] x;   // predictor matrix\n",
    "  vector[N] y;      // outcome vector\n",
    "}\n",
    "\n",
    "parameters {\n",
    "  vector[D] beta;        // coefficients for predictors\n",
    "  real <lower=0> sigma;  // variance\n",
    "}\n",
    "\n",
    "model {\n",
    "   beta ~ normal(0,1);\n",
    "   sigma ~ gamma(0.5,0.5);\n",
    "   y ~ normal(x * beta, sigma);\n",
    "}\"\"\""
   ]
  },
  {
   "cell_type": "markdown",
   "metadata": {},
   "source": [
    "Generate of open existing a pkl file of the model"
   ]
  },
  {
   "cell_type": "code",
   "execution_count": 3,
   "metadata": {},
   "outputs": [],
   "source": [
    "compiled_model_file = 'blr_reg_model.pkl'\n",
    "\n",
    "try:\n",
    "    with open(compiled_model_file, 'rb') as f:\n",
    "        regression_model = pickle.load(f)\n",
    "except:\n",
    "    regression_model = pystan.StanModel(model_code=test_model,\n",
    "                                        model_name='regression_model')\n",
    "    with open('blr_reg_model.pkl', 'wb') as f:\n",
    "        pickle.dump(regression_model, f)"
   ]
  },
  {
   "cell_type": "markdown",
   "metadata": {},
   "source": [
    "Get data"
   ]
  },
  {
   "cell_type": "code",
   "execution_count": 4,
   "metadata": {},
   "outputs": [],
   "source": [
    "# SYNTHETIC\n",
    "# np.random.seed(1234)\n",
    "\n",
    "# N = 1000\n",
    "# D = 10\n",
    "# beta_gen = np.random.randn(D, 1)\n",
    "# sigma_gen = np.random.gamma(1, 1, 1)\n",
    "\n",
    "# x = np.random.randn(N, D)\n",
    "# y_raw = x.dot(beta_gen) + np.random.randn(N, 1)*np.sqrt(sigma_gen)\n",
    "# y = y_raw - np.mean(y_raw)\n",
    "# # convert from Nx1 matrix to Nx1 vector\n",
    "# y = y.flatten()"
   ]
  },
  {
   "cell_type": "code",
   "execution_count": 5,
   "metadata": {},
   "outputs": [],
   "source": [
    "#print(beta_gen)"
   ]
  },
  {
   "cell_type": "code",
   "execution_count": 6,
   "metadata": {},
   "outputs": [],
   "source": [
    "#print(sigma_gen)"
   ]
  },
  {
   "cell_type": "markdown",
   "metadata": {},
   "source": [
    "Import the dataset"
   ]
  },
  {
   "cell_type": "code",
   "execution_count": 7,
   "metadata": {},
   "outputs": [
    {
     "data": {
      "text/html": [
       "<div>\n",
       "<style scoped>\n",
       "    .dataframe tbody tr th:only-of-type {\n",
       "        vertical-align: middle;\n",
       "    }\n",
       "\n",
       "    .dataframe tbody tr th {\n",
       "        vertical-align: top;\n",
       "    }\n",
       "\n",
       "    .dataframe thead th {\n",
       "        text-align: right;\n",
       "    }\n",
       "</style>\n",
       "<table border=\"1\" class=\"dataframe\">\n",
       "  <thead>\n",
       "    <tr style=\"text-align: right;\">\n",
       "      <th></th>\n",
       "      <th>Bodyfat</th>\n",
       "      <th>Age</th>\n",
       "      <th>Weight</th>\n",
       "      <th>Height</th>\n",
       "      <th>Neck</th>\n",
       "      <th>Chest</th>\n",
       "      <th>Abdomen</th>\n",
       "      <th>Hip</th>\n",
       "      <th>Thigh</th>\n",
       "      <th>Knee</th>\n",
       "      <th>Ankle</th>\n",
       "      <th>Biceps</th>\n",
       "      <th>Forearm</th>\n",
       "      <th>Wrist</th>\n",
       "    </tr>\n",
       "  </thead>\n",
       "  <tbody>\n",
       "    <tr>\n",
       "      <th>0</th>\n",
       "      <td>-6.850794</td>\n",
       "      <td>-21.884921</td>\n",
       "      <td>-24.674405</td>\n",
       "      <td>-2.39881</td>\n",
       "      <td>-1.792063</td>\n",
       "      <td>-7.724206</td>\n",
       "      <td>-7.355952</td>\n",
       "      <td>-5.404762</td>\n",
       "      <td>-0.405952</td>\n",
       "      <td>-1.290476</td>\n",
       "      <td>-1.202381</td>\n",
       "      <td>-0.273413</td>\n",
       "      <td>-1.263889</td>\n",
       "      <td>-1.129762</td>\n",
       "    </tr>\n",
       "    <tr>\n",
       "      <th>1</th>\n",
       "      <td>-13.050794</td>\n",
       "      <td>-22.884921</td>\n",
       "      <td>-5.674405</td>\n",
       "      <td>2.10119</td>\n",
       "      <td>0.507937</td>\n",
       "      <td>-7.224206</td>\n",
       "      <td>-9.555952</td>\n",
       "      <td>-1.204762</td>\n",
       "      <td>-0.705952</td>\n",
       "      <td>-1.290476</td>\n",
       "      <td>0.297619</td>\n",
       "      <td>-1.773413</td>\n",
       "      <td>0.236111</td>\n",
       "      <td>-0.029762</td>\n",
       "    </tr>\n",
       "    <tr>\n",
       "      <th>2</th>\n",
       "      <td>6.149206</td>\n",
       "      <td>-22.884921</td>\n",
       "      <td>-24.924405</td>\n",
       "      <td>-3.89881</td>\n",
       "      <td>-3.992063</td>\n",
       "      <td>-5.024206</td>\n",
       "      <td>-4.655952</td>\n",
       "      <td>-0.704762</td>\n",
       "      <td>0.194048</td>\n",
       "      <td>0.309524</td>\n",
       "      <td>0.897619</td>\n",
       "      <td>-3.473413</td>\n",
       "      <td>-3.463889</td>\n",
       "      <td>-1.629762</td>\n",
       "    </tr>\n",
       "  </tbody>\n",
       "</table>\n",
       "</div>"
      ],
      "text/plain": [
       "     Bodyfat        Age     Weight   Height      Neck     Chest   Abdomen  \\\n",
       "0  -6.850794 -21.884921 -24.674405 -2.39881 -1.792063 -7.724206 -7.355952   \n",
       "1 -13.050794 -22.884921  -5.674405  2.10119  0.507937 -7.224206 -9.555952   \n",
       "2   6.149206 -22.884921 -24.924405 -3.89881 -3.992063 -5.024206 -4.655952   \n",
       "\n",
       "        Hip     Thigh      Knee     Ankle    Biceps   Forearm     Wrist  \n",
       "0 -5.404762 -0.405952 -1.290476 -1.202381 -0.273413 -1.263889 -1.129762  \n",
       "1 -1.204762 -0.705952 -1.290476  0.297619 -1.773413  0.236111 -0.029762  \n",
       "2 -0.704762  0.194048  0.309524  0.897619 -3.473413 -3.463889 -1.629762  "
      ]
     },
     "execution_count": 7,
     "metadata": {},
     "output_type": "execute_result"
    }
   ],
   "source": [
    "data = pd.read_csv(\"bodyfat.csv\").drop(\"Density\", axis=1)\n",
    "data = data - data.mean()\n",
    "data.head(3)"
   ]
  },
  {
   "cell_type": "code",
   "execution_count": 8,
   "metadata": {},
   "outputs": [],
   "source": [
    "y = data[\"Bodyfat\"].values\n",
    "# centre the response to adjust for no intercept\n",
    "y = y - np.mean(y)\n",
    "\n",
    "x = data.drop(\"Bodyfat\", axis=1)\n",
    "\n",
    "N = x.shape[0]\n",
    "D = x.shape[1]"
   ]
  },
  {
   "cell_type": "markdown",
   "metadata": {},
   "source": [
    "First, generate ground-truth posterior samples using Stan's dynamic HMC implementation:"
   ]
  },
  {
   "cell_type": "code",
   "execution_count": 9,
   "metadata": {},
   "outputs": [],
   "source": [
    "data = dict(N=N, D=D, x=x, y=y)\n",
    "fit = regression_model.sampling(data=data, iter=50000, thin=50, chains=10)"
   ]
  },
  {
   "cell_type": "code",
   "execution_count": 10,
   "metadata": {},
   "outputs": [
    {
     "name": "stdout",
     "output_type": "stream",
     "text": [
      "true beta mean = [ 0.05459832 -0.09528642 -0.07644066 -0.48363749 -0.01824114  0.95663095\n",
      " -0.2000818   0.23570235  0.00990782  0.13346214  0.1787938   0.40898731\n",
      " -1.27938096]\n",
      "true beta cov = [[ 9.97200337e-04  3.45621380e-04  3.68728016e-04 -7.78539413e-04\n",
      "  -1.10697829e-04 -1.16318692e-03  2.21506005e-04  1.76549994e-03\n",
      "  -1.96880775e-03  5.20538406e-04 -4.35301435e-04  7.91531586e-04\n",
      "  -4.01240462e-03]\n",
      " [ 3.45621380e-04  2.84756057e-03 -2.41060764e-03 -3.77845948e-03\n",
      "  -2.18422092e-03 -9.52696853e-04 -4.13429772e-03 -5.67353506e-04\n",
      "  -2.80330350e-03 -2.53522149e-03 -1.54456099e-03 -1.39916280e-04\n",
      "  -3.09299142e-03]\n",
      " [ 3.68728016e-04 -2.41060764e-03  9.23920817e-03  3.17649442e-04\n",
      "   2.09330990e-03  1.04308374e-03  3.58892541e-03  2.63097431e-03\n",
      "  -1.89339286e-03  1.43998504e-03  1.17676525e-03  2.32454254e-04\n",
      "  -3.98792551e-03]\n",
      " [-7.78539413e-04 -3.77845948e-03  3.17649442e-04  5.15356691e-02\n",
      "  -5.97618387e-04 -1.75824473e-04  5.76037988e-03 -3.19351687e-03\n",
      "   8.24154695e-03  4.51455386e-03 -3.44575624e-03 -5.52883695e-03\n",
      "  -2.64427596e-02]\n",
      " [-1.10697829e-04 -2.18422092e-03  2.09330990e-03 -5.97618387e-04\n",
      "   9.77492136e-03 -4.01416654e-03  2.76763682e-03  2.08783581e-03\n",
      "   2.09121249e-03  2.62082106e-04 -1.14479718e-03 -2.13672435e-03\n",
      "   5.05976804e-04]\n",
      " [-1.16318692e-03 -9.52696853e-04  1.04308374e-03 -1.75824473e-04\n",
      "  -4.01416654e-03  7.30427000e-03 -2.83602315e-03 -1.63915676e-03\n",
      "   1.17994752e-03  2.49680789e-03  1.80370742e-03  9.74214830e-04\n",
      "   4.08776614e-03]\n",
      " [ 2.21506005e-04 -4.13429772e-03  3.58892541e-03  5.76037988e-03\n",
      "   2.76763682e-03 -2.83602315e-03  2.05599452e-02 -6.65652730e-03\n",
      "  -2.43090516e-03  1.84870335e-03  1.51093464e-03  2.49720875e-03\n",
      "   3.93906235e-04]\n",
      " [ 1.76549994e-03 -5.67353506e-04  2.63097431e-03 -3.19351687e-03\n",
      "   2.08783581e-03 -1.63915676e-03 -6.65652730e-03  2.08225741e-02\n",
      "  -9.09599180e-03  2.36085917e-04 -5.66906938e-03 -4.18130574e-04\n",
      "   4.01667749e-03]\n",
      " [-1.96880775e-03 -2.80330350e-03 -1.89339286e-03  8.24154695e-03\n",
      "   2.09121249e-03  1.17994752e-03 -2.43090516e-03 -9.09599180e-03\n",
      "   5.54327905e-02 -7.53181827e-03  2.01077382e-03 -5.14798065e-03\n",
      "  -8.60208551e-03]\n",
      " [ 5.20538406e-04 -2.53522149e-03  1.43998504e-03  4.51455386e-03\n",
      "   2.62082106e-04  2.49680789e-03  1.84870335e-03  2.36085917e-04\n",
      "  -7.53181827e-03  4.75987536e-02  1.61930663e-03  1.16550256e-03\n",
      "  -2.20041042e-02]\n",
      " [-4.35301435e-04 -1.54456099e-03  1.17676525e-03 -3.44575624e-03\n",
      "  -1.14479718e-03  1.80370742e-03  1.51093464e-03 -5.66906938e-03\n",
      "   2.01077382e-03  1.61930663e-03  2.75302836e-02 -9.48085699e-03\n",
      "  -2.44721578e-03]\n",
      " [ 7.91531586e-04 -1.39916280e-04  2.32454254e-04 -5.52883695e-03\n",
      "  -2.13672435e-03  9.74214830e-04  2.49720875e-03 -4.18130574e-04\n",
      "  -5.14798065e-03  1.16550256e-03 -9.48085699e-03  3.74598592e-02\n",
      "  -1.26018098e-02]\n",
      " [-4.01240462e-03 -3.09299142e-03 -3.98792551e-03 -2.64427596e-02\n",
      "   5.05976804e-04  4.08776614e-03  3.93906235e-04  4.01667749e-03\n",
      "  -8.60208551e-03 -2.20041042e-02 -2.44721578e-03 -1.26018098e-02\n",
      "   2.11768968e-01]]\n"
     ]
    }
   ],
   "source": [
    "true_beta_mean = np.mean(fit['beta'], axis=0)\n",
    "true_beta_cov = np.cov(fit['beta'].T)\n",
    "print('true beta mean =', true_beta_mean)\n",
    "print('true beta cov =', true_beta_cov)"
   ]
  },
  {
   "cell_type": "code",
   "execution_count": 11,
   "metadata": {},
   "outputs": [
    {
     "name": "stdout",
     "output_type": "stream",
     "text": [
      "true sigma mean = 4.293666876803905\n",
      "true sigma cov = 0.037078159507807996\n"
     ]
    }
   ],
   "source": [
    "true_sigma_mean = np.mean(fit['sigma'], axis=0)\n",
    "true_sigma_cov = np.cov(fit['sigma'].T)\n",
    "print('true sigma mean =', true_sigma_mean)\n",
    "print('true sigma cov =', true_sigma_cov)"
   ]
  },
  {
   "cell_type": "code",
   "execution_count": 12,
   "metadata": {},
   "outputs": [],
   "source": [
    "vec1 = fit['beta']\n",
    "vec2 = np.array(fit['sigma'])\n",
    "vec = []\n",
    "for i in range(len(vec1)):\n",
    "    temp = list(np.append(vec1[i], vec2[i]))\n",
    "    vec.append(temp)\n",
    "vec = np.array(vec)"
   ]
  },
  {
   "cell_type": "code",
   "execution_count": 13,
   "metadata": {},
   "outputs": [],
   "source": [
    "true_mean = np.mean(vec, axis=0)\n",
    "true_cov = np.cov(vec.T)"
   ]
  },
  {
   "cell_type": "code",
   "execution_count": 14,
   "metadata": {},
   "outputs": [
    {
     "name": "stdout",
     "output_type": "stream",
     "text": [
      "true mean = [ 0.05459832 -0.09528642 -0.07644066 -0.48363749 -0.01824114  0.95663095\n",
      " -0.2000818   0.23570235  0.00990782  0.13346214  0.1787938   0.40898731\n",
      " -1.27938096  4.29366688]\n",
      "true cov = [[ 9.97200337e-04  3.45621380e-04  3.68728016e-04 -7.78539413e-04\n",
      "  -1.10697829e-04 -1.16318692e-03  2.21506005e-04  1.76549994e-03\n",
      "  -1.96880775e-03  5.20538406e-04 -4.35301435e-04  7.91531586e-04\n",
      "  -4.01240462e-03 -8.65895956e-05]\n",
      " [ 3.45621380e-04  2.84756057e-03 -2.41060764e-03 -3.77845948e-03\n",
      "  -2.18422092e-03 -9.52696853e-04 -4.13429772e-03 -5.67353506e-04\n",
      "  -2.80330350e-03 -2.53522149e-03 -1.54456099e-03 -1.39916280e-04\n",
      "  -3.09299142e-03 -7.31295650e-05]\n",
      " [ 3.68728016e-04 -2.41060764e-03  9.23920817e-03  3.17649442e-04\n",
      "   2.09330990e-03  1.04308374e-03  3.58892541e-03  2.63097431e-03\n",
      "  -1.89339286e-03  1.43998504e-03  1.17676525e-03  2.32454254e-04\n",
      "  -3.98792551e-03 -3.00063038e-05]\n",
      " [-7.78539413e-04 -3.77845948e-03  3.17649442e-04  5.15356691e-02\n",
      "  -5.97618387e-04 -1.75824473e-04  5.76037988e-03 -3.19351687e-03\n",
      "   8.24154695e-03  4.51455386e-03 -3.44575624e-03 -5.52883695e-03\n",
      "  -2.64427596e-02  6.44619663e-04]\n",
      " [-1.10697829e-04 -2.18422092e-03  2.09330990e-03 -5.97618387e-04\n",
      "   9.77492136e-03 -4.01416654e-03  2.76763682e-03  2.08783581e-03\n",
      "   2.09121249e-03  2.62082106e-04 -1.14479718e-03 -2.13672435e-03\n",
      "   5.05976804e-04  1.77055036e-05]\n",
      " [-1.16318692e-03 -9.52696853e-04  1.04308374e-03 -1.75824473e-04\n",
      "  -4.01416654e-03  7.30427000e-03 -2.83602315e-03 -1.63915676e-03\n",
      "   1.17994752e-03  2.49680789e-03  1.80370742e-03  9.74214830e-04\n",
      "   4.08776614e-03 -5.16453244e-05]\n",
      " [ 2.21506005e-04 -4.13429772e-03  3.58892541e-03  5.76037988e-03\n",
      "   2.76763682e-03 -2.83602315e-03  2.05599452e-02 -6.65652730e-03\n",
      "  -2.43090516e-03  1.84870335e-03  1.51093464e-03  2.49720875e-03\n",
      "   3.93906235e-04 -9.43797581e-05]\n",
      " [ 1.76549994e-03 -5.67353506e-04  2.63097431e-03 -3.19351687e-03\n",
      "   2.08783581e-03 -1.63915676e-03 -6.65652730e-03  2.08225741e-02\n",
      "  -9.09599180e-03  2.36085917e-04 -5.66906938e-03 -4.18130574e-04\n",
      "   4.01667749e-03  1.30038033e-04]\n",
      " [-1.96880775e-03 -2.80330350e-03 -1.89339286e-03  8.24154695e-03\n",
      "   2.09121249e-03  1.17994752e-03 -2.43090516e-03 -9.09599180e-03\n",
      "   5.54327905e-02 -7.53181827e-03  2.01077382e-03 -5.14798065e-03\n",
      "  -8.60208551e-03 -2.07753044e-04]\n",
      " [ 5.20538406e-04 -2.53522149e-03  1.43998504e-03  4.51455386e-03\n",
      "   2.62082106e-04  2.49680789e-03  1.84870335e-03  2.36085917e-04\n",
      "  -7.53181827e-03  4.75987536e-02  1.61930663e-03  1.16550256e-03\n",
      "  -2.20041042e-02 -4.17064397e-04]\n",
      " [-4.35301435e-04 -1.54456099e-03  1.17676525e-03 -3.44575624e-03\n",
      "  -1.14479718e-03  1.80370742e-03  1.51093464e-03 -5.66906938e-03\n",
      "   2.01077382e-03  1.61930663e-03  2.75302836e-02 -9.48085699e-03\n",
      "  -2.44721578e-03 -1.44823956e-04]\n",
      " [ 7.91531586e-04 -1.39916280e-04  2.32454254e-04 -5.52883695e-03\n",
      "  -2.13672435e-03  9.74214830e-04  2.49720875e-03 -4.18130574e-04\n",
      "  -5.14798065e-03  1.16550256e-03 -9.48085699e-03  3.74598592e-02\n",
      "  -1.26018098e-02 -1.68327650e-03]\n",
      " [-4.01240462e-03 -3.09299142e-03 -3.98792551e-03 -2.64427596e-02\n",
      "   5.05976804e-04  4.08776614e-03  3.93906235e-04  4.01667749e-03\n",
      "  -8.60208551e-03 -2.20041042e-02 -2.44721578e-03 -1.26018098e-02\n",
      "   2.11768968e-01  6.57807051e-03]\n",
      " [-8.65895956e-05 -7.31295650e-05 -3.00063038e-05  6.44619663e-04\n",
      "   1.77055036e-05 -5.16453244e-05 -9.43797581e-05  1.30038033e-04\n",
      "  -2.07753044e-04 -4.17064397e-04 -1.44823956e-04 -1.68327650e-03\n",
      "   6.57807051e-03  3.70781595e-02]]\n"
     ]
    }
   ],
   "source": [
    "print('true mean =', true_mean)\n",
    "print('true cov =', true_cov)"
   ]
  },
  {
   "cell_type": "code",
   "execution_count": 15,
   "metadata": {},
   "outputs": [
    {
     "data": {
      "text/plain": [
       "Inference for Stan model: regression_model_b1ab85b6e8abedc0878d3fa66ea1be75.\n",
       "10 chains, each with iter=50000; warmup=25000; thin=50; \n",
       "post-warmup draws per chain=500, total post-warmup draws=5000.\n",
       "\n",
       "           mean se_mean     sd    2.5%    25%    50%    75%  97.5%  n_eff   Rhat\n",
       "beta[1]    0.05  4.5e-4   0.03 -7.6e-3   0.03   0.05   0.08   0.12   5019    1.0\n",
       "beta[2]    -0.1  7.5e-4   0.05    -0.2  -0.13   -0.1  -0.06 8.4e-3   5087    1.0\n",
       "beta[3]   -0.08  1.4e-3    0.1   -0.26  -0.14  -0.08  -0.01   0.11   5052    1.0\n",
       "beta[4]   -0.48  3.2e-3   0.23   -0.93  -0.64  -0.48  -0.33  -0.04   4894    1.0\n",
       "beta[5]   -0.02  1.4e-3    0.1   -0.22  -0.09  -0.02   0.05   0.18   4907    1.0\n",
       "beta[6]    0.96  1.2e-3   0.09    0.79    0.9   0.96   1.01   1.12   4951    1.0\n",
       "beta[7]    -0.2  2.0e-3   0.14   -0.49   -0.3   -0.2   -0.1   0.08   4913    1.0\n",
       "beta[8]    0.24  2.1e-3   0.14   -0.04   0.14   0.23   0.33   0.52   4918    1.0\n",
       "beta[9]  9.9e-3  3.3e-3   0.24   -0.46  -0.15 9.5e-3   0.17   0.48   5019    1.0\n",
       "beta[10]   0.13  3.0e-3   0.22   -0.27  -0.02   0.13   0.28   0.56   5188    1.0\n",
       "beta[11]   0.18  2.3e-3   0.17   -0.15   0.07   0.18   0.29    0.5   5192    1.0\n",
       "beta[12]   0.41  2.7e-3   0.19    0.02   0.28   0.41   0.54   0.78   4994    1.0\n",
       "beta[13]  -1.28  6.3e-3   0.46    -2.2  -1.59  -1.27  -0.97  -0.39   5372    1.0\n",
       "sigma      4.29  2.7e-3   0.19    3.93   4.16   4.29   4.42   4.68   4941    1.0\n",
       "lp__     -497.0    0.04   2.64  -503.1 -498.6 -496.7 -495.1 -492.8   4968    1.0\n",
       "\n",
       "Samples were drawn using NUTS at Sat Oct 31 17:55:22 2020.\n",
       "For each parameter, n_eff is a crude measure of effective sample size,\n",
       "and Rhat is the potential scale reduction factor on split chains (at \n",
       "convergence, Rhat=1)."
      ]
     },
     "execution_count": 15,
     "metadata": {},
     "output_type": "execute_result"
    }
   ],
   "source": [
    "fit"
   ]
  },
  {
   "cell_type": "markdown",
   "metadata": {},
   "source": [
    "# KLVI"
   ]
  },
  {
   "cell_type": "markdown",
   "metadata": {},
   "source": [
    "## Mean field with Gaussian"
   ]
  },
  {
   "cell_type": "code",
   "execution_count": 16,
   "metadata": {},
   "outputs": [],
   "source": [
    "# def logjointpdf(samples, x=x, y=y, D=D):\n",
    "#     beta, log_sigma = samples[:, 0:D], samples[:, D]\n",
    "#     mu = np.dot(x, np.transpose(beta))\n",
    "    \n",
    "#     lpdf = np.zeros(len(samples))\n",
    "\n",
    "#     print(\"I'm here\")\n",
    "#     print(norm.logpdf(0,1,np.exp(log_sigma[0])))\n",
    "#     for i in range(len(samples)):\n",
    "#         p1 = sum(norm.logpdf(y, mu[:,i], np.exp(log_sigma[i])))\n",
    "#         p2 = gamma.logpdf(np.exp(log_sigma[i]), .5, loc=0, scale=.5)\n",
    "#         p3 = sum(norm.logpdf(beta[i,:], 0, 1))\n",
    "                 \n",
    "#         lpdf[i] = p1 + p2 + p3\n",
    "     \n",
    "#     return lpdf"
   ]
  },
  {
   "cell_type": "code",
   "execution_count": 17,
   "metadata": {},
   "outputs": [],
   "source": [
    "mf_gaussian_var_family = mean_field_gaussian_variational_family(D+1)\n",
    "\n",
    "init_mean = np.zeros(D+1)\n",
    "init_log_std = np.ones(D+1)\n",
    "init_var_param = np.concatenate([init_mean, init_log_std])\n",
    "n_iters = 2000"
   ]
  },
  {
   "cell_type": "code",
   "execution_count": 18,
   "metadata": {},
   "outputs": [],
   "source": [
    "stan_log_density = make_stan_log_density(fit)"
   ]
  },
  {
   "cell_type": "code",
   "execution_count": 19,
   "metadata": {},
   "outputs": [
    {
     "name": "stderr",
     "output_type": "stream",
     "text": [
      "Average Loss = 588.28: 100%|██████████████████████████████████████████████████████| 2000/2000 [00:08<00:00, 238.30it/s]\n"
     ]
    }
   ],
   "source": [
    "klvi_objective_and_grad = black_box_klvi(mf_gaussian_var_family, stan_log_density, 100)\n",
    "\n",
    "klvi_var_param, klvi_param_history, klvi_history, _ = \\\n",
    "    adagrad_optimize(n_iters, klvi_objective_and_grad, init_var_param, learning_rate=1e-2)"
   ]
  },
  {
   "cell_type": "code",
   "execution_count": 20,
   "metadata": {},
   "outputs": [],
   "source": [
    "#plot_dist_to_opt_param(klvi_param_history, klvi_var_param)"
   ]
  },
  {
   "cell_type": "code",
   "execution_count": 21,
   "metadata": {},
   "outputs": [
    {
     "name": "stdout",
     "output_type": "stream",
     "text": [
      "mean   = [ 5.44384297e-02 -1.02126322e-01 -7.30403373e-02 -4.85712732e-01\n",
      " -3.41180830e-04  9.40875347e-01 -1.69420817e-01  2.37305100e-01\n",
      "  2.21088054e-03  1.18992872e-01  1.69170660e-01  3.99143009e-01\n",
      " -1.17513989e+00  1.50436742e+00]\n",
      "stdevs = [0.03112333 0.02675642 0.07930115 0.13354185 0.05161203 0.04486748\n",
      " 0.05941958 0.07102985 0.13597238 0.17690945 0.11087364 0.15093563\n",
      " 0.30545673 0.04822361]\n",
      "\n",
      "mean error             = 2.79\n",
      "stdev error            = 0.295\n",
      "||cov error||_2^{1/2}  = 0.365\n",
      "||true cov||_2^{1/2}   = 0.47\n"
     ]
    }
   ],
   "source": [
    "check_approx_accuracy(mf_gaussian_var_family, klvi_var_param, true_mean, true_cov, verbose=True);"
   ]
  },
  {
   "cell_type": "code",
   "execution_count": 22,
   "metadata": {},
   "outputs": [],
   "source": [
    "mc_samples = 100000"
   ]
  },
  {
   "cell_type": "markdown",
   "metadata": {},
   "source": [
    "samples, smoothed log weights, khat"
   ]
  },
  {
   "cell_type": "code",
   "execution_count": 23,
   "metadata": {},
   "outputs": [],
   "source": [
    "klvi_samples, klvi_slw, klvi_khat = psis_correction(stan_log_density, mf_gaussian_var_family, klvi_var_param, mc_samples)"
   ]
  },
  {
   "cell_type": "code",
   "execution_count": 24,
   "metadata": {},
   "outputs": [
    {
     "name": "stdout",
     "output_type": "stream",
     "text": [
      "0.9336263340218836\n"
     ]
    }
   ],
   "source": [
    "print(klvi_khat)"
   ]
  },
  {
   "cell_type": "code",
   "execution_count": 25,
   "metadata": {},
   "outputs": [
    {
     "data": {
      "text/plain": [
       "array([-22.14364824, -42.29143453, -22.04874729, ..., -22.11146712,\n",
       "       -23.7798717 , -23.32283541])"
      ]
     },
     "execution_count": 25,
     "metadata": {},
     "output_type": "execute_result"
    }
   ],
   "source": [
    "klvi_slw"
   ]
  },
  {
   "cell_type": "markdown",
   "metadata": {},
   "source": [
    "### VSBC diagnostics"
   ]
  },
  {
   "cell_type": "code",
   "execution_count": 26,
   "metadata": {},
   "outputs": [],
   "source": [
    "#     def logjointpdf(samples, x=xtemp, y=y, D=D):\n",
    "#         beta, log_sigma = samples[:, 0:D], samples[:, D]\n",
    "#         mu = np.dot(x, np.transpose(beta))\n",
    "\n",
    "#         lpdf = np.zeros(len(samples))\n",
    "#         for i in range(len(samples)):\n",
    "#             p1 = sum(norm.logpdf(y, mu[:,i], np.exp(log_sigma[i])))\n",
    "#             p2 = gamma.logpdf(np.exp(log_sigma[i]), .5, 0, .5)\n",
    "#             p3 = sum(norm.logpdf(beta[i,:], 0, 1))\n",
    "\n",
    "#             lpdf[i] = p1 + p2 + p3\n",
    "\n",
    "#         return lpdf\n",
    "    \n",
    "    # initialise klvi\n",
    "#     def logjointpdf(x, data=xtemp, y=ytemp, D=D):\n",
    "#         beta, log_sigma = x[:, 0:D], x[:, D]\n",
    "#         mu = np.dot(x.values, np.transpose(beta))\n",
    "        \n",
    "#         obs_density = norm.logpdf(y, mu, np.exp(log_sigma))\n",
    "#         sigma_density = gamma.logpdf(np.exp(log_sigma), .5, 0, .5)\n",
    "#         beta_density = norm.logpdf(beta, 0, 1)\n",
    "        \n",
    "#         return sum(obs_density)+sum(beta_density)+sigma_density"
   ]
  },
  {
   "cell_type": "code",
   "execution_count": 27,
   "metadata": {},
   "outputs": [],
   "source": [
    "M = 100\n",
    "klvi_probs = np.zeros(shape=(D+1, M))"
   ]
  },
  {
   "cell_type": "code",
   "execution_count": 28,
   "metadata": {},
   "outputs": [
    {
     "name": "stderr",
     "output_type": "stream",
     "text": [
      "Average Loss = 608.13: 100%|██████████████████████████████████████████████████████| 2000/2000 [00:08<00:00, 240.63it/s]\n"
     ]
    },
    {
     "name": "stdout",
     "output_type": "stream",
     "text": [
      "Iteration = 0, loop time = 23.268147, time elapsed = 23.268147\n"
     ]
    },
    {
     "name": "stderr",
     "output_type": "stream",
     "text": [
      "Average Loss = 592.63: 100%|██████████████████████████████████████████████████████| 2000/2000 [00:08<00:00, 236.89it/s]\n"
     ]
    },
    {
     "name": "stdout",
     "output_type": "stream",
     "text": [
      "Iteration = 1, loop time = 23.295170, time elapsed = 46.564317\n"
     ]
    },
    {
     "name": "stderr",
     "output_type": "stream",
     "text": [
      "Average Loss = 597.68: 100%|██████████████████████████████████████████████████████| 2000/2000 [00:08<00:00, 238.99it/s]\n"
     ]
    },
    {
     "name": "stdout",
     "output_type": "stream",
     "text": [
      "Iteration = 2, loop time = 23.558640, time elapsed = 70.123958\n"
     ]
    },
    {
     "name": "stderr",
     "output_type": "stream",
     "text": [
      "Average Loss = 603.51: 100%|██████████████████████████████████████████████████████| 2000/2000 [00:08<00:00, 239.30it/s]\n"
     ]
    },
    {
     "name": "stdout",
     "output_type": "stream",
     "text": [
      "Iteration = 3, loop time = 24.589740, time elapsed = 94.714699\n"
     ]
    },
    {
     "name": "stderr",
     "output_type": "stream",
     "text": [
      "Average Loss = 598.87: 100%|██████████████████████████████████████████████████████| 2000/2000 [00:08<00:00, 240.92it/s]\n"
     ]
    },
    {
     "name": "stdout",
     "output_type": "stream",
     "text": [
      "Iteration = 4, loop time = 23.960915, time elapsed = 118.675614\n"
     ]
    },
    {
     "name": "stderr",
     "output_type": "stream",
     "text": [
      "Average Loss = 598.4: 100%|███████████████████████████████████████████████████████| 2000/2000 [00:08<00:00, 238.70it/s]\n"
     ]
    },
    {
     "name": "stdout",
     "output_type": "stream",
     "text": [
      "Iteration = 5, loop time = 22.900501, time elapsed = 141.577115\n"
     ]
    },
    {
     "name": "stderr",
     "output_type": "stream",
     "text": [
      "Average Loss = 590.2: 100%|███████████████████████████████████████████████████████| 2000/2000 [00:09<00:00, 216.32it/s]\n"
     ]
    },
    {
     "name": "stdout",
     "output_type": "stream",
     "text": [
      "Iteration = 6, loop time = 24.918723, time elapsed = 166.496840\n"
     ]
    },
    {
     "name": "stderr",
     "output_type": "stream",
     "text": [
      "Average Loss = 598.5: 100%|███████████████████████████████████████████████████████| 2000/2000 [00:09<00:00, 219.63it/s]\n"
     ]
    },
    {
     "name": "stdout",
     "output_type": "stream",
     "text": [
      "Iteration = 7, loop time = 24.003871, time elapsed = 190.501712\n"
     ]
    },
    {
     "name": "stderr",
     "output_type": "stream",
     "text": [
      "Average Loss = 592.07: 100%|██████████████████████████████████████████████████████| 2000/2000 [00:08<00:00, 238.08it/s]\n"
     ]
    },
    {
     "name": "stdout",
     "output_type": "stream",
     "text": [
      "Iteration = 8, loop time = 23.833673, time elapsed = 214.336386\n"
     ]
    },
    {
     "name": "stderr",
     "output_type": "stream",
     "text": [
      "Average Loss = 595.2: 100%|███████████████████████████████████████████████████████| 2000/2000 [00:08<00:00, 239.20it/s]\n"
     ]
    },
    {
     "name": "stdout",
     "output_type": "stream",
     "text": [
      "Iteration = 9, loop time = 23.072252, time elapsed = 237.409641\n"
     ]
    },
    {
     "name": "stderr",
     "output_type": "stream",
     "text": [
      "Average Loss = 614.45: 100%|██████████████████████████████████████████████████████| 2000/2000 [00:08<00:00, 237.31it/s]\n"
     ]
    },
    {
     "name": "stdout",
     "output_type": "stream",
     "text": [
      "Iteration = 10, loop time = 23.790900, time elapsed = 261.201541\n"
     ]
    },
    {
     "name": "stderr",
     "output_type": "stream",
     "text": [
      "Average Loss = 590.88: 100%|██████████████████████████████████████████████████████| 2000/2000 [00:08<00:00, 239.76it/s]\n"
     ]
    },
    {
     "name": "stdout",
     "output_type": "stream",
     "text": [
      "Iteration = 11, loop time = 22.555061, time elapsed = 283.756603\n"
     ]
    },
    {
     "name": "stderr",
     "output_type": "stream",
     "text": [
      "Average Loss = 582.91: 100%|██████████████████████████████████████████████████████| 2000/2000 [00:08<00:00, 239.27it/s]\n"
     ]
    },
    {
     "name": "stdout",
     "output_type": "stream",
     "text": [
      "Iteration = 12, loop time = 23.126851, time elapsed = 306.883454\n"
     ]
    },
    {
     "name": "stderr",
     "output_type": "stream",
     "text": [
      "Average Loss = 604.69: 100%|██████████████████████████████████████████████████████| 2000/2000 [00:08<00:00, 238.64it/s]\n"
     ]
    },
    {
     "name": "stdout",
     "output_type": "stream",
     "text": [
      "Iteration = 13, loop time = 23.326195, time elapsed = 330.210650\n"
     ]
    },
    {
     "name": "stderr",
     "output_type": "stream",
     "text": [
      "Average Loss = 600.43: 100%|██████████████████████████████████████████████████████| 2000/2000 [00:08<00:00, 239.16it/s]\n"
     ]
    },
    {
     "name": "stdout",
     "output_type": "stream",
     "text": [
      "Iteration = 14, loop time = 23.234122, time elapsed = 353.445773\n"
     ]
    },
    {
     "name": "stderr",
     "output_type": "stream",
     "text": [
      "Average Loss = 611.54: 100%|██████████████████████████████████████████████████████| 2000/2000 [00:08<00:00, 238.70it/s]\n"
     ]
    },
    {
     "name": "stdout",
     "output_type": "stream",
     "text": [
      "Iteration = 15, loop time = 23.158346, time elapsed = 376.605120\n"
     ]
    },
    {
     "name": "stderr",
     "output_type": "stream",
     "text": [
      "Average Loss = 600.72: 100%|██████████████████████████████████████████████████████| 2000/2000 [00:08<00:00, 240.05it/s]\n"
     ]
    },
    {
     "name": "stdout",
     "output_type": "stream",
     "text": [
      "Iteration = 16, loop time = 23.114758, time elapsed = 399.720879\n"
     ]
    },
    {
     "name": "stderr",
     "output_type": "stream",
     "text": [
      "Average Loss = 592.69: 100%|██████████████████████████████████████████████████████| 2000/2000 [00:08<00:00, 239.05it/s]\n"
     ]
    },
    {
     "name": "stdout",
     "output_type": "stream",
     "text": [
      "Iteration = 17, loop time = 22.794383, time elapsed = 422.516262\n"
     ]
    },
    {
     "name": "stderr",
     "output_type": "stream",
     "text": [
      "Average Loss = 602.87: 100%|██████████████████████████████████████████████████████| 2000/2000 [00:08<00:00, 238.50it/s]\n"
     ]
    },
    {
     "name": "stdout",
     "output_type": "stream",
     "text": [
      "Iteration = 18, loop time = 23.924386, time elapsed = 446.441649\n"
     ]
    },
    {
     "name": "stderr",
     "output_type": "stream",
     "text": [
      "Average Loss = 591.3: 100%|███████████████████████████████████████████████████████| 2000/2000 [00:08<00:00, 239.33it/s]\n"
     ]
    },
    {
     "name": "stdout",
     "output_type": "stream",
     "text": [
      "Iteration = 19, loop time = 23.138969, time elapsed = 469.580618\n"
     ]
    },
    {
     "name": "stderr",
     "output_type": "stream",
     "text": [
      "Average Loss = 614.4: 100%|███████████████████████████████████████████████████████| 2000/2000 [00:08<00:00, 238.22it/s]\n"
     ]
    },
    {
     "name": "stdout",
     "output_type": "stream",
     "text": [
      "Iteration = 20, loop time = 23.466583, time elapsed = 493.048203\n"
     ]
    },
    {
     "name": "stderr",
     "output_type": "stream",
     "text": [
      "Average Loss = 592.3: 100%|███████████████████████████████████████████████████████| 2000/2000 [00:08<00:00, 236.98it/s]\n"
     ]
    },
    {
     "name": "stdout",
     "output_type": "stream",
     "text": [
      "Iteration = 21, loop time = 22.628200, time elapsed = 515.677403\n"
     ]
    },
    {
     "name": "stderr",
     "output_type": "stream",
     "text": [
      "Average Loss = 601.18: 100%|██████████████████████████████████████████████████████| 2000/2000 [00:08<00:00, 239.02it/s]\n"
     ]
    },
    {
     "name": "stdout",
     "output_type": "stream",
     "text": [
      "Iteration = 22, loop time = 23.910341, time elapsed = 539.588745\n"
     ]
    },
    {
     "name": "stderr",
     "output_type": "stream",
     "text": [
      "Average Loss = 595.54: 100%|██████████████████████████████████████████████████████| 2000/2000 [00:08<00:00, 236.22it/s]\n"
     ]
    },
    {
     "name": "stdout",
     "output_type": "stream",
     "text": [
      "Iteration = 23, loop time = 23.847983, time elapsed = 563.437727\n"
     ]
    },
    {
     "name": "stderr",
     "output_type": "stream",
     "text": [
      "Average Loss = 612.13: 100%|██████████████████████████████████████████████████████| 2000/2000 [00:08<00:00, 233.34it/s]\n"
     ]
    },
    {
     "name": "stdout",
     "output_type": "stream",
     "text": [
      "Iteration = 24, loop time = 24.192782, time elapsed = 587.631510\n"
     ]
    },
    {
     "name": "stderr",
     "output_type": "stream",
     "text": [
      "Average Loss = 595.42: 100%|██████████████████████████████████████████████████████| 2000/2000 [00:09<00:00, 220.87it/s]\n"
     ]
    },
    {
     "name": "stdout",
     "output_type": "stream",
     "text": [
      "Iteration = 25, loop time = 26.852096, time elapsed = 614.484607\n"
     ]
    },
    {
     "name": "stderr",
     "output_type": "stream",
     "text": [
      "Average Loss = 586.47: 100%|██████████████████████████████████████████████████████| 2000/2000 [00:08<00:00, 228.65it/s]\n"
     ]
    },
    {
     "name": "stdout",
     "output_type": "stream",
     "text": [
      "Iteration = 26, loop time = 26.380607, time elapsed = 640.866215\n"
     ]
    },
    {
     "name": "stderr",
     "output_type": "stream",
     "text": [
      "Average Loss = 593.96: 100%|██████████████████████████████████████████████████████| 2000/2000 [00:08<00:00, 237.03it/s]\n"
     ]
    },
    {
     "name": "stdout",
     "output_type": "stream",
     "text": [
      "Iteration = 27, loop time = 25.499665, time elapsed = 666.365880\n"
     ]
    },
    {
     "name": "stderr",
     "output_type": "stream",
     "text": [
      "Average Loss = 596.85: 100%|██████████████████████████████████████████████████████| 2000/2000 [00:08<00:00, 240.02it/s]\n"
     ]
    },
    {
     "name": "stdout",
     "output_type": "stream",
     "text": [
      "Iteration = 28, loop time = 24.253857, time elapsed = 690.620739\n"
     ]
    },
    {
     "name": "stderr",
     "output_type": "stream",
     "text": [
      "Average Loss = 596.55: 100%|██████████████████████████████████████████████████████| 2000/2000 [00:08<00:00, 236.01it/s]\n"
     ]
    },
    {
     "name": "stdout",
     "output_type": "stream",
     "text": [
      "Iteration = 29, loop time = 23.733391, time elapsed = 714.354129\n"
     ]
    },
    {
     "name": "stderr",
     "output_type": "stream",
     "text": [
      "Average Loss = 584.41: 100%|██████████████████████████████████████████████████████| 2000/2000 [00:08<00:00, 234.10it/s]\n"
     ]
    },
    {
     "name": "stdout",
     "output_type": "stream",
     "text": [
      "Iteration = 30, loop time = 25.192459, time elapsed = 739.548591\n"
     ]
    },
    {
     "name": "stderr",
     "output_type": "stream",
     "text": [
      "Average Loss = 595.83: 100%|██████████████████████████████████████████████████████| 2000/2000 [00:08<00:00, 239.58it/s]\n"
     ]
    },
    {
     "name": "stdout",
     "output_type": "stream",
     "text": [
      "Iteration = 31, loop time = 24.131764, time elapsed = 763.680355\n"
     ]
    },
    {
     "name": "stderr",
     "output_type": "stream",
     "text": [
      "Average Loss = 610.18: 100%|██████████████████████████████████████████████████████| 2000/2000 [00:08<00:00, 240.31it/s]\n"
     ]
    },
    {
     "name": "stdout",
     "output_type": "stream",
     "text": [
      "Iteration = 32, loop time = 23.202088, time elapsed = 786.883443\n"
     ]
    },
    {
     "name": "stderr",
     "output_type": "stream",
     "text": [
      "Average Loss = 598.33: 100%|██████████████████████████████████████████████████████| 2000/2000 [00:08<00:00, 235.86it/s]\n"
     ]
    },
    {
     "name": "stdout",
     "output_type": "stream",
     "text": [
      "Iteration = 33, loop time = 23.456155, time elapsed = 810.340598\n"
     ]
    },
    {
     "name": "stderr",
     "output_type": "stream",
     "text": [
      "Average Loss = 593.4: 100%|███████████████████████████████████████████████████████| 2000/2000 [00:08<00:00, 238.07it/s]\n"
     ]
    },
    {
     "name": "stdout",
     "output_type": "stream",
     "text": [
      "Iteration = 34, loop time = 24.172824, time elapsed = 834.514424\n"
     ]
    },
    {
     "name": "stderr",
